Thread 0
Thread 1
Thread 2
Thread 3
Thread 4
Thread 5
Thread 6
Thread 7
Thread 8
Thread 9
thread thread thread thread thread thread 248 reached end of threadCode
36 reached end of threadCode
thread thread  reached end of threadCode
59 reached end of threadCode
 reached end of threadCode
thread  reached end of threadCode
0thread 1 reached end of threadCode
 reached end of threadCode
7 reached end of threadCode
 reached end of threadCode
0, 0
1, 1
2, 1
3, 1
4, 1
5, 2
6, 2
7, 4
8, 4
9, 6
10, 6
11, 8
12, 10
13, 14
14, 18
15, 24
16, 29
17, 36
18, 44
19, 58
20, 72
21, 90
22, 112
23, 142
24, 168
25, 215
26, 238
27, 312
28, 403
29, 413
30, 548
31, 518
32, 695
33, 941
34, 822
35, 1128
36, 1544
37, 1272
38, 1795
39, 1342
40, 1923
41, 2744
42, 1954
43, 2880
44, 2136
45, 2819
46, 4205
47, 2615
48, 4021
49, 5042
50, 3645
51, 5686
52, 3136
53, 5030
54, 7924
55, 4247
56, 6880
57, 3757
58, 5690
59, 9329
60, 4529
61, 7666
62, 10010
63, 6048
64, 10290
65, 4586
66, 8028
67, 13766
68, 6031
69, 10624
70, 4403
71, 7941
72, 14027
73, 5696
74, 10380
75, 12258
76, 7474
77, 13664
78, 5231
79, 9785
80, 16041
81, 6873
82, 12907
83, 4698
84, 9034
85, 16970
86, 6142
87, 11829
88, 8991
89, 8021
90, 15458
91, 5352
92, 10476
93, 17890
94, 6861
95, 13562
96, 4500
97, 9049
98, 17805
99, 5891
100, 11781
101, 3824
102, 7794
103, 15525
104, 4977
105, 10146
106, 14280
107, 6551
108, 13353
109, 4196
110, 8665
111, 17115
112, 5549
113, 11403
114, 3535
115, 7321
116, 14990
117, 4693
118, 9715
119, 11778
120, 6292
121, 12897
122, 3977
123, 8214
124, 15980
125, 5300
126, 10960
127, 3448
128, 7133
129, 14696
130, 4670
131, 9556
132, 3125
133, 6324
134, 12856
135, 4211
136, 8516
137, 14333
138, 5653
139, 11396
140, 3774
141, 7589
142, 15348
143, 5108
144, 10163
145, 3464
146, 6822
147, 13604
148, 4625
149, 9205
150, 10609
151, 6122
152, 12200
153, 4064
154, 8119
155, 15798
156, 5400
157, 10873
158, 3567
159, 7220
160, 14478
161, 4734
162, 9529
163, 4019
164, 6178
165, 12574
166, 4045
167, 8228
168, 16116
169, 5342
170, 10919
171, 3370
172, 7000
173, 14388
174, 4454
175, 9237
176, 2736
177, 5831
178, 12199
179, 3634
180, 7675
181, 11417
182, 4816
183, 10116
184, 2973
185, 6320
186, 13161
187, 3909
188, 8357
189, 2376
190, 5112
191, 10985
192, 3091
193, 6766
194, 2791
195, 4103
196, 8965
197, 2466
198, 5498
199, 11759
200, 3331
201, 7294
202, 1914
203, 4366
204, 9608
205, 2528
206, 5728
207, 1441
208, 3355
209, 7649
210, 1908
211, 4441
212, 9009
213, 2509
214, 5898
215, 1411
216, 3351
217, 7656
218, 1849
219, 4438
220, 1001
221, 2467
222, 5884
223, 1354
224, 3299
225, 1710
226, 1820
227, 4392
228, 966
229, 2413
230, 5749
231, 1318
232, 3285
233, 695
234, 1816
235, 4460
236, 948
237, 2441
238, 503
239, 1303
240, 3284
241, 687
242, 1781
243, 4232
244, 956
245, 2451
246, 537
247, 1342
248, 3333
249, 726
250, 1862
251, 386
252, 987
253, 2481
254, 534
255, 1358
256, 1321
257, 744
258, 1877
259, 384
260, 1017
261, 2537
262, 542
263, 1390
264, 289
265, 776
266, 1978
267, 399
268, 1060
269, 204
270, 564
271, 1473
272, 306
273, 797
274, 1978
275, 416
276, 1060
277, 220
278, 570
279, 1488
280, 297
281, 814
282, 144
283, 417
284, 1103
285, 204
286, 569
287, 946
288, 282
289, 768
290, 136
291, 399
292, 1072
293, 190
294, 553
295, 81
296, 261
297, 750
298, 129
299, 389
300, 81
301, 207
302, 565
303, 103
304, 297
305, 785
306, 160
307, 421
308, 80
309, 233
310, 633
311, 118
312, 335
313, 55
314, 159
315, 425
316, 78
317, 232
318, 445
319, 111
320, 311
321, 51
322, 139
323, 415
324, 66
325, 209
326, 35
327, 99
328, 310
329, 52
330, 152
331, 52
332, 68
333, 217
334, 36
335, 102
336, 303
337, 47
338, 151
339, 18
340, 65
341, 222
342, 37
343, 106
344, 15
345, 48
346, 144
347, 22
348, 73
349, 199
350, 31
351, 106
352, 17
353, 51
354, 150
355, 21
356, 68
357, 8
358, 36
359, 108
360, 15
361, 51
362, 33
363, 16
364, 68
365, 6
366, 23
367, 93
368, 15
369, 48
370, 8
371, 23
372, 67
373, 9
374, 33
375, 2
376, 11
377, 45
378, 5
379, 25
380, 68
381, 10
382, 43
383, 3
384, 15
385, 56
386, 8
387, 24
388, 3
389, 7
390, 34
391, 2
392, 11
393, 21
394, 3
395, 12
396, 0
397, 3
398, 26
399, 1
400, 9
401, 0
402, 3
403, 21
404, 2
405, 8
406, 2
407, 5
408, 17
409, 1
410, 6
411, 24
412, 2
413, 9
414, 0
415, 3
416, 11
417, 1
418, 5
419, 0
420, 2
421, 14
422, 1
423, 5
424, 9
425, 2
426, 7
427, 0
428, 1
429, 6
430, 0
431, 3
432, 0
433, 1
434, 7
435, 1
436, 4
437, 1
438, 1
439, 5
440, 1
441, 3
442, 12
443, 2
444, 6
445, 0
446, 1
447, 6
448, 1
449, 3
450, 0
451, 1
452, 2
453, 0
454, 0
455, 5
456, 0
457, 1
458, 0
459, 0
460, 2
461, 0
462, 0
463, 0
464, 0
465, 2
466, 0
467, 2
468, 0
469, 1
470, 3
471, 0
472, 0
473, 2
474, 0
475, 2
476, 0
477, 0
478, 0
479, 0
480, 0
481, 0
482, 0
483, 0
484, 0
485, 0
486, 0
487, 0
488, 1
489, 0
490, 0
491, 1
492, 0
493, 0
494, 0
495, 0
496, 0
497, 0
498, 0
499, 0
500, 0
501, 1
502, 0
503, 1
504, 3
505, 0
506, 1
507, 0
508, 1
509, 2
510, 0
511, 0
512, 0
513, 0
514, 0
515, 0
516, 0
517, 1
518, 0
519, 0
520, 0
521, 0
522, 1
523, 0
524, 1
525, 0
526, 0
527, 2
528, 0
529, 0
530, 0
531, 0
532, 0
533, 0
534, 0
535, 0
536, 0
537, 0
538, 0
539, 0
540, 0
541, 0
542, 0
543, 0
544, 0
545, 0
546, 0
547, 0
548, 0
549, 0
550, 0
551, 0
552, 0
553, 0
554, 0
555, 0
556, 0
557, 0
558, 0
559, 0
560, 0
561, 0
562, 0
563, 0
564, 0
565, 0
566, 0
567, 0
568, 0
569, 0
570, 0
571, 0
572, 0
573, 0
574, 0
575, 0
576, 0
577, 0
578, 0
579, 0
580, 0
581, 0
582, 0
583, 0
584, 0
585, 0
586, 0
587, 0
588, 0
589, 0
590, 0
591, 0
592, 0
593, 0
594, 0
595, 0
596, 0
597, 0
598, 0
599, 0
600, 0
601, 0
602, 0
603, 0
604, 0
605, 0
606, 0
607, 0
608, 0
609, 0
610, 0
611, 0
612, 0
613, 0
614, 0
615, 0
616, 0
617, 0
618, 0
619, 0
620, 0
621, 0
622, 0
623, 0
624, 0
625, 0
626, 0
627, 0
628, 0
629, 0
630, 0
631, 0
632, 0
633, 0
634, 0
635, 0
636, 0
637, 0
638, 0
639, 0
640, 0
641, 0
642, 0
643, 0
644, 0
645, 0
646, 0
647, 0
648, 0
649, 0
650, 0
651, 0
652, 0
653, 0
654, 0
655, 0
656, 0
657, 0
658, 0
659, 0
660, 0
661, 0
662, 0
663, 0
664, 0
665, 0
666, 0
667, 0
668, 0
669, 0
670, 0
671, 0
672, 0
673, 0
674, 0
675, 0
676, 0
677, 0
678, 0
679, 0
680, 0
681, 0
682, 0
683, 0
684, 0
685, 0
686, 0
687, 0
688, 0
689, 0
690, 0
691, 0
692, 0
693, 0
694, 0
695, 0
696, 0
697, 0
698, 0
699, 0
700, 0
701, 0
702, 0
703, 0
704, 0
705, 0
706, 0
707, 0
708, 0
709, 0
710, 0
711, 0
712, 0
713, 0
714, 0
715, 0
716, 0
717, 0
718, 0
719, 0
720, 0
721, 0
722, 0
723, 0
724, 0
725, 0
726, 0
727, 0
728, 0
729, 0
730, 0
731, 0
732, 0
733, 0
734, 0
735, 0
736, 0
737, 0
738, 0
739, 0
740, 0
741, 0
742, 0
743, 0
744, 0
745, 0
746, 0
747, 0
748, 0
749, 0
750, 0
751, 0
752, 0
753, 0
754, 0
755, 0
756, 0
757, 0
758, 0
759, 0
760, 0
761, 0
762, 0
763, 0
764, 0
765, 0
766, 0
767, 0
768, 0
769, 0
770, 0
771, 0
772, 0
773, 0
774, 0
775, 0
776, 0
777, 0
778, 0
779, 0
780, 0
781, 0
782, 0
783, 0
784, 0
785, 0
786, 0
787, 0
788, 0
789, 0
790, 0
791, 0
792, 0
793, 0
794, 0
795, 0
796, 0
797, 0
798, 0
799, 0
800, 0
801, 0
802, 0
803, 0
804, 0
805, 0
806, 0
807, 0
808, 0
809, 0
810, 0
811, 0
812, 0
813, 0
814, 0
815, 0
816, 0
817, 0
818, 0
819, 0
820, 0
821, 0
822, 0
823, 0
824, 0
825, 0
826, 0
827, 0
828, 0
829, 0
830, 0
831, 0
832, 0
833, 0
834, 0
835, 0
836, 0
837, 0
838, 0
839, 0
840, 0
841, 0
842, 0
843, 0
844, 0
845, 0
846, 0
847, 0
848, 0
849, 0
850, 0
851, 0
852, 0
853, 0
854, 0
855, 0
856, 0
857, 0
858, 0
859, 0
860, 0
861, 0
862, 0
863, 0
864, 0
865, 0
866, 0
867, 0
868, 0
869, 0
870, 0
871, 0
872, 0
873, 0
874, 0
875, 0
876, 0
877, 0
878, 0
879, 0
880, 0
881, 0
882, 0
883, 0
884, 0
885, 0
886, 0
887, 0
888, 0
889, 0
890, 0
891, 0
892, 0
893, 0
894, 0
895, 0
896, 0
897, 0
898, 0
899, 0
900, 0
901, 0
902, 0
903, 0
904, 0
905, 0
906, 0
907, 0
908, 0
909, 0
910, 0
911, 0
912, 0
913, 0
914, 0
915, 0
916, 0
917, 0
918, 0
919, 0
920, 0
921, 0
922, 0
923, 0
924, 0
925, 0
926, 0
927, 0
928, 0
929, 0
930, 0
931, 0
932, 0
933, 0
934, 0
935, 0
936, 0
937, 0
938, 0
939, 0
940, 0
941, 0
942, 0
943, 0
944, 0
945, 0
946, 0
947, 0
948, 0
949, 0
950, 0
951, 0
952, 0
953, 0
954, 0
955, 0
956, 0
957, 0
958, 0
959, 0
960, 0
961, 0
962, 0
963, 0
964, 0
965, 0
966, 0
967, 0
968, 0
969, 0
970, 0
971, 0
972, 0
973, 0
974, 0
975, 0
976, 0
977, 0
978, 0
979, 0
980, 0
981, 0
982, 0
983, 0
984, 0
985, 0
986, 0
987, 0
988, 0
989, 0
990, 0
991, 0
992, 0
993, 0
994, 0
995, 0
996, 0
997, 0
998, 0
999, 0
1000, 0
